                                           Square Root Table

             .0        .1        .2        .3        .4        .5        .6        .7        .8        .9
    1  1.000000  1.048809  1.095445  1.140175  1.183216  1.224745  1.264911  1.303840  1.341641  1.378405
    2  1.414214  1.449138  1.483240  1.516575  1.549193  1.581139  1.612452  1.643168  1.673320  1.702939
    3  1.732051  1.760682  1.788854  1.816590  1.843909  1.870829  1.897367  1.923538  1.949359  1.974842
    4  2.000000  2.024846  2.049390  2.073644  2.097618  2.121320  2.144761  2.167948  2.190890  2.213594
    5  2.236068  2.258318  2.280351  2.302173  2.323790  2.345208  2.366432  2.387467  2.408319  2.428992
    6  2.449490  2.469818  2.489980  2.509980  2.529822  2.549510  2.569047  2.588436  2.607681  2.626785
    7  2.645751  2.664583  2.683282  2.701851  2.720294  2.738613  2.756810  2.774887  2.792848  2.810694
    8  2.828427  2.846050  2.863564  2.880972  2.898275  2.915476  2.932576  2.949576  2.966479  2.983287
    9  3.000000  3.016621  3.033150  3.049590  3.065942  3.082207  3.098387  3.114482  3.130495  3.146427
   10  3.162278  3.178050  3.193744  3.209361  3.224903  3.240370  3.255764  3.271085  3.286335  3.301515
   11  3.316625  3.331666  3.346640  3.361547  3.376389  3.391165  3.405877  3.420526  3.435113  3.449638
   12  3.464102  3.478505  3.492850  3.507136  3.521363  3.535534  3.549648  3.563706  3.577709  3.591657
   13  3.605551  3.619392  3.633180  3.646917  3.660601  3.674235  3.687818  3.701351  3.714835  3.728270
   14  3.741657  3.754997  3.768289  3.781534  3.794733  3.807887  3.820995  3.834058  3.847077  3.860052
   15  3.872983  3.885872  3.898718  3.911521  3.924283  3.937004  3.949684  3.962323  3.974921  3.987480
   16  4.000000  4.012481  4.024922  4.037326  4.049691  4.062019  4.074310  4.086563  4.098780  4.110961
   17  4.123106  4.135215  4.147288  4.159327  4.171331  4.183300  4.195235  4.207137  4.219005  4.230839
   18  4.242641  4.254409  4.266146  4.277850  4.289522  4.301163  4.312772  4.324350  4.335897  4.347413
   19  4.358899  4.370355  4.381780  4.393177  4.404543  4.415880  4.427189  4.438468  4.449719  4.460942
   20  4.472136  4.483302  4.494441  4.505552  4.516636  4.527693  4.538722  4.549725  4.560702  4.571652
   21  4.582576  4.593474  4.604346  4.615192  4.626013  4.636809  4.647580  4.658326  4.669047  4.679744
   22  4.690416  4.701064  4.711688  4.722288  4.732864  4.743416  4.753946  4.764452  4.774935  4.785394
   23  4.795832  4.806246  4.816638  4.827007  4.837355  4.847680  4.857983  4.868265  4.878524  4.888763
   24  4.898979  4.909175  4.919350  4.929503  4.939636  4.949747  4.959839  4.969909  4.979960  4.989990
   25  5.000000  5.009990  5.019960  5.029911  5.039841  5.049752  5.059644  5.069517  5.079370  5.089204

[38 milliseconds execution time.]
